# Simulated light curve
# model: OneBendPowerLaw
# input parameters: A,alpha_1,f_1,alpha_2
# [ 1.         -0.4593966   0.15605791 -3.02679189]
# Fvar:0.889744514279849
# FoM:47.14816724953128
# seed: 819692
# seed_gaps: 599353
# Time	Value	Error
7.500000000000000000e-01 1.746040341621412528e+00 2.215256401017845836e-02
2.500000000000000000e+00 9.369496287843352977e-01 1.844198340325442845e-02
3.750000000000000000e+00 1.291099589739765907e+00 2.333342557641327267e-02
7.250000000000000000e+00 4.155707856090064545e-01 9.290873444388517144e-03
1.025000000000000000e+01 3.796793678740091882e-01 9.449907962846225071e-03
1.075000000000000000e+01 1.129231023214032570e+00 1.091924140830331270e-02
1.150000000000000000e+01 1.310407512167507171e+00 1.369697171891082199e-02
1.175000000000000000e+01 9.970540128109063316e-01 1.664369826298814706e-02
1.225000000000000000e+01 9.320963766844554410e-01 1.122249278021750750e-02
1.250000000000000000e+01 1.170615172891142253e+00 2.004010842243495252e-02
1.300000000000000000e+01 1.796609509246996694e+00 1.627200485643848574e-02
1.375000000000000000e+01 8.347486369481044166e-01 1.012150999016814268e-02
1.625000000000000000e+01 4.878232993500103420e-01 1.004675759875391615e-02
1.650000000000000000e+01 4.751005310982883145e-01 6.963708357008641277e-03
1.675000000000000000e+01 4.697888730179816119e-01 1.997304917606393046e-02
1.825000000000000000e+01 2.482241047001697565e-01 1.823729550919878442e-02
1.875000000000000000e+01 2.004640539646670439e-01 4.721444247820698846e-03
1.950000000000000000e+01 4.383190717578354656e-01 1.274734083256142889e-02
2.075000000000000000e+01 9.583406241472099962e-01 2.323273550436964416e-02
2.175000000000000000e+01 2.018720265462370933e-01 9.830528049851449193e-03
2.250000000000000000e+01 1.839912496185944490e-01 8.610176192343251336e-03
2.425000000000000000e+01 3.501931768929725242e-01 7.598219641197016296e-03
2.450000000000000000e+01 4.056990542215320183e-01 1.121596241748682408e-02
2.500000000000000000e+01 4.365994261676426902e-01 1.305548925724789658e-02
2.575000000000000000e+01 5.228174397218279257e-01 8.119904273473369655e-03
2.650000000000000000e+01 7.715849443606311864e-01 1.010783886343859933e-02
2.775000000000000000e+01 6.325951774968725516e-01 1.213303347006857227e-02
2.800000000000000000e+01 6.318207590810893670e-01 2.083835064270699380e-02
3.050000000000000000e+01 1.257641710887070330e+00 1.425857266705868667e-02
3.375000000000000000e+01 1.241788403435283294e+00 1.561291920183934673e-02
3.550000000000000000e+01 7.289420604689427208e-01 8.705489790667526526e-03
3.625000000000000000e+01 6.930215577330308685e-01 1.119594241513537092e-02
3.775000000000000000e+01 9.457443418110029754e-01 1.896609135027113938e-02
3.825000000000000000e+01 9.777704390673955803e-01 2.405667648613430548e-02
4.000000000000000000e+01 8.327056505200325365e-01 1.000808386702640128e-02
4.025000000000000000e+01 8.906662081718046409e-01 1.451671625425593644e-02
4.100000000000000000e+01 5.279744999461983834e-01 1.679566840610808784e-02
4.350000000000000000e+01 2.319608266600876156e+00 1.653914688062615643e-02
4.400000000000000000e+01 3.169056969400287027e+00 4.162921183188566382e-02
4.625000000000000000e+01 7.612228527985717141e-01 2.149852338097934731e-02
4.875000000000000000e+01 1.689301061195899845e+00 1.986929981720711447e-02
5.250000000000000000e+01 2.144094258039847545e-01 7.052672840621396558e-03
5.275000000000000000e+01 1.600062671882353516e-01 1.199502377123628886e-02
5.500000000000000000e+01 4.393168115029147391e-01 1.911430714544888262e-02
5.875000000000000000e+01 1.951536902467037926e+00 2.201773123650175093e-02
5.900000000000000000e+01 2.082065476838284912e+00 2.491201954366857596e-02
6.025000000000000000e+01 1.976999231468259399e+00 2.436545775021264557e-02
6.125000000000000000e+01 1.363628955034398071e+00 1.565756721853164835e-02
6.400000000000000000e+01 3.539883740055724815e+00 2.046372929883082462e-02
6.425000000000000000e+01 3.230257038465457420e+00 3.820900329554176300e-02
6.675000000000000000e+01 1.169759557239121728e+00 2.076340139745003546e-02
6.825000000000000000e+01 9.199913383861479943e-01 1.176615920415011694e-02
7.000000000000000000e+01 6.533369518714685631e-01 2.461238405732928819e-02
7.075000000000000000e+01 6.963097057696725489e-01 1.089341805701784203e-02
7.250000000000000000e+01 2.428946257375787510e-01 5.940611731561957001e-03
7.300000000000000000e+01 2.420818936963096690e-01 1.384970515894672072e-02
7.325000000000000000e+01 2.217903501413124312e-01 9.058288005629171885e-03
7.350000000000000000e+01 2.825960345821118547e-01 1.058109941255558524e-02
7.675000000000000000e+01 1.038415793078281357e+00 1.302900711587662644e-02
7.850000000000000000e+01 4.672418717941506650e-01 7.996370421340239648e-03
8.075000000000000000e+01 3.266646082820574559e-01 1.968447843988630971e-02
8.150000000000000000e+01 2.793679316426047055e-01 1.103221173382076120e-02
8.325000000000000000e+01 1.195631296977170299e+00 4.043725063844731682e-02
8.550000000000000000e+01 2.482503175356310710e+00 1.942865863051535316e-02
8.650000000000000000e+01 9.871072135855747387e-01 2.128195488813686490e-02
8.900000000000000000e+01 1.336336703020988281e+00 3.009311957396490142e-02
9.100000000000000000e+01 4.247518777537018786e-01 7.788325574513140642e-03
9.200000000000000000e+01 3.831097201580804246e-01 1.979384611988145234e-02
9.250000000000000000e+01 2.505485410902062449e-01 1.271136813930174962e-02
9.325000000000000000e+01 2.417908897916070110e-01 1.276709824753935983e-02
9.400000000000000000e+01 3.697332259894702822e-01 1.096206614113419409e-02
9.550000000000000000e+01 6.410750085437149082e-01 1.357988943629799897e-02
9.575000000000000000e+01 5.410267100641381610e-01 7.445241707752858935e-03
9.800000000000000000e+01 7.579729827176650003e-01 2.440146941388034174e-02
9.825000000000000000e+01 9.596363871420684477e-01 3.185902702805998299e-02
9.875000000000000000e+01 1.222753238156082611e+00 3.829275210675131547e-02
9.925000000000000000e+01 1.275014437546688528e+00 1.415512359526566871e-02
1.030000000000000000e+02 1.969447397713715686e+00 3.970321543350958937e-02
1.050000000000000000e+02 1.579820938649143303e+00 1.559601721054578415e-02
1.065000000000000000e+02 1.759544581582707767e+00 2.604887464373132483e-02
1.080000000000000000e+02 3.872673624504937795e+00 5.352950588394434633e-02
1.100000000000000000e+02 1.135105870529103722e+00 3.994772287762959895e-02
1.102500000000000000e+02 9.098471999272320643e-01 1.478037679248216801e-02
1.105000000000000000e+02 1.077009970353439705e+00 1.517632559265849612e-02
1.112500000000000000e+02 7.996752931338463322e-01 1.914020107590063552e-02
1.120000000000000000e+02 6.123714199430968508e-01 8.895097309037916164e-03
1.122500000000000000e+02 5.233273947757580702e-01 1.626442572023946778e-02
1.145000000000000000e+02 4.343068433424870922e-01 1.635096187206762017e-02
1.150000000000000000e+02 6.355100921881774445e-01 1.483879246607187376e-02
1.162500000000000000e+02 1.727966556975658152e+00 4.339523219488081174e-02
1.185000000000000000e+02 3.585740315140554246e-01 9.005157023467248723e-03
1.187500000000000000e+02 4.142563752414526457e-01 9.405929918209024812e-03
1.215000000000000000e+02 8.973402904478148256e-01 1.005872356200374768e-02
1.217500000000000000e+02 9.473875430358088545e-01 1.840355238463512941e-02
1.222500000000000000e+02 1.562954940570475015e+00 3.087936479822513472e-02
1.225000000000000000e+02 1.602533645877747048e+00 3.436010619932525906e-02
1.232500000000000000e+02 1.265219783050264057e+00 1.909098772607667818e-02
1.247500000000000000e+02 1.492151211923348653e+00 2.985377768298864976e-02
1.260000000000000000e+02 1.752360695549958880e+00 2.505073825301150706e-02
1.267500000000000000e+02 1.396345433304079231e+00 1.818243972212148230e-02
1.272500000000000000e+02 1.969889116268000562e+00 4.079675328170902920e-02
1.305000000000000000e+02 1.333362504400993798e+00 1.181106955582445460e-02
1.317500000000000000e+02 3.671612770334065634e-01 9.492579483196964332e-03
1.320000000000000000e+02 3.478484264610426924e-01 1.122304962105623825e-02
1.347500000000000000e+02 3.471926151080292899e-01 1.243694612077614857e-02
1.372500000000000000e+02 1.778862236764690019e-01 7.193619750117308601e-03
1.412500000000000000e+02 1.718425168413479920e-01 4.355223888154504015e-03
1.417500000000000000e+02 1.605753737247412327e-01 1.037187691780237959e-02
1.425000000000000000e+02 2.940092526882248092e-01 6.799831712377412372e-03
1.432500000000000000e+02 3.114838104271657193e-01 8.815787608904369910e-03
1.462500000000000000e+02 3.433656205701483000e-01 1.097778071309672351e-02
1.467500000000000000e+02 3.765464020597719119e-01 1.231859968409861061e-02
1.485000000000000000e+02 1.431650162550955896e+00 1.686053823139573027e-02
1.530000000000000000e+02 3.641594735359263146e-01 6.705883017773251777e-03
1.560000000000000000e+02 1.359832632364813332e+00 1.715607510111154602e-02
1.562500000000000000e+02 1.239197125332212490e+00 3.103154136677680960e-02
1.592500000000000000e+02 2.491320628830523964e-01 8.917102041184652578e-03
1.595000000000000000e+02 2.121134817877399770e-01 1.659553394691856698e-02
1.600000000000000000e+02 2.648686105699658566e-01 1.784382195551706754e-02
1.615000000000000000e+02 5.378595701201606127e-01 8.633779396843732634e-03
1.625000000000000000e+02 6.566696185614419035e-01 9.074288895062464916e-03
1.635000000000000000e+02 6.814922527375772976e-01 1.611711707376415476e-02
1.667500000000000000e+02 9.591895569320254555e-01 2.862447742552609933e-02
1.672500000000000000e+02 5.972998017679873595e-01 8.550685986371486802e-03
1.675000000000000000e+02 4.376097581696625771e-01 1.226036612947719630e-02
1.717500000000000000e+02 5.156829992108179495e-01 1.123667857468830557e-02
1.720000000000000000e+02 6.086763132114380026e-01 1.748070930081584498e-02
1.722500000000000000e+02 7.664171667746516592e-01 2.076100313710450493e-02
1.735000000000000000e+02 4.353423541893546300e-01 6.801534448793724978e-03
1.747500000000000000e+02 6.972171717931336943e-01 2.566562272531328764e-02
1.750000000000000000e+02 8.914486908103801399e-01 1.556342382758438454e-02
1.775000000000000000e+02 1.878905399000697196e+00 2.075936543058885808e-02
1.792500000000000000e+02 1.288074823184504947e+00 1.597930220692168543e-02
1.797500000000000000e+02 1.401902395751544628e+00 2.753191442417240661e-02
1.800000000000000000e+02 1.527698663615881580e+00 2.438543362195035730e-02
1.802500000000000000e+02 2.025101671635388012e+00 3.578174642937297784e-02
1.805000000000000000e+02 2.104253843937958557e+00 1.932491011704662309e-02
1.840000000000000000e+02 9.054309499531758565e-01 1.584780667641684168e-02
1.880000000000000000e+02 5.865722655285421361e-01 2.658475423780202324e-02
1.882500000000000000e+02 5.821939459610683265e-01 7.998044134471820124e-03
1.895000000000000000e+02 3.673563717779592674e-01 6.189470483119278825e-03
1.917500000000000000e+02 1.227536975241832057e-01 4.502392577534722329e-03
1.920000000000000000e+02 1.039378895027237432e-01 5.440853123833713952e-03
1.927500000000000000e+02 1.068121574663897649e-01 3.698843637601112368e-03
1.942500000000000000e+02 1.734157850027117087e-01 1.529472427907605132e-02
1.947500000000000000e+02 1.390314157391097372e-01 4.481007917084303856e-03
1.955000000000000000e+02 2.678714275502783737e-01 9.827108517740833910e-03
1.957500000000000000e+02 3.767641550390390948e-01 9.211833597309216845e-03
1.982500000000000000e+02 8.726981259649945200e-01 3.159487387665146224e-02
1.987500000000000000e+02 6.145668903684160522e-01 9.496823885374637911e-03
1.992500000000000000e+02 3.509629579093057616e-01 1.410943953283594517e-02
2.002500000000000000e+02 2.398797056404058381e-01 1.478045922509285508e-02
2.037500000000000000e+02 8.280534377682862157e-01 2.381674482050711791e-02
2.045000000000000000e+02 7.052318826627763659e-01 8.904155721051186176e-03
2.057500000000000000e+02 7.612197371341771213e-01 1.352600916938466631e-02
2.070000000000000000e+02 8.186785454330924860e-01 1.024142743575233265e-02
2.075000000000000000e+02 5.445795310370606934e-01 2.232602894413727654e-02
2.097500000000000000e+02 4.721346077421102461e-01 2.067374599161710125e-02
2.125000000000000000e+02 1.078212770792031705e+00 1.154009994957407546e-02
2.130000000000000000e+02 1.158222996153763118e+00 2.544180215091049191e-02
2.152500000000000000e+02 4.582552234871848373e-01 1.321428200007602680e-02
2.157500000000000000e+02 4.623616493883747069e-01 7.756786360413935565e-03
2.162500000000000000e+02 4.230877407829282122e-01 1.894262410645567232e-02
2.217500000000000000e+02 3.390246716918551839e-01 6.859960578717909548e-03
2.222500000000000000e+02 9.086188585986509914e-01 2.175696526614110879e-02
2.225000000000000000e+02 1.163209682580608861e+00 2.222267104248984090e-02
2.270000000000000000e+02 1.455220697214631542e+00 3.184083854191103319e-02
2.307500000000000000e+02 8.653756884691694573e-01 2.173308593912462450e-02
2.310000000000000000e+02 1.139088181248377962e+00 1.319485213457019003e-02
2.332500000000000000e+02 1.851272525311207673e+00 2.803815554247764824e-02
2.342500000000000000e+02 1.131634748282622116e+00 1.532994188389895200e-02
2.345000000000000000e+02 1.061554425343494534e+00 2.234799036705372929e-02
2.355000000000000000e+02 1.214868968196915588e+00 1.356341377555173380e-02
2.365000000000000000e+02 1.461909105368691009e+00 1.313131724166478019e-02
2.367500000000000000e+02 1.090554346098606464e+00 1.638926738884531956e-02
2.387500000000000000e+02 2.818398610641422164e-01 1.092829844538954591e-02
2.395000000000000000e+02 3.705400978276741086e-01 1.675102036052872681e-02
2.405000000000000000e+02 4.848017843901810675e-01 2.004998711438074621e-02
2.407500000000000000e+02 7.705716454536682969e-01 2.378437227915287597e-02
2.415000000000000000e+02 1.462102499628928909e+00 2.945436660207186030e-02
2.450000000000000000e+02 5.098262774402594344e-01 1.578673591763519318e-02
2.462500000000000000e+02 3.051670757165423908e-01 1.552564815193810746e-02
2.465000000000000000e+02 2.459553025743935195e-01 1.393319964141860080e-02
2.497500000000000000e+02 2.147285074583048736e+00 2.831271238293359138e-02
2.510000000000000000e+02 2.104424316047115884e+00 2.604547356912528810e-02
2.512500000000000000e+02 1.706806188503318555e+00 2.463808152650538014e-02
2.567500000000000000e+02 1.109169564262469265e+00 2.490725646670522916e-02
2.570000000000000000e+02 7.733396493869155730e-01 1.862360700297484642e-02
2.577500000000000000e+02 6.672694265536663893e-01 1.947094838632720815e-02
2.580000000000000000e+02 7.346041408193589861e-01 1.785131317198799736e-02
2.585000000000000000e+02 5.610146715493040670e-01 1.410877100508983392e-02
2.607500000000000000e+02 1.793806070982300882e-01 6.461848996840328235e-03
2.637500000000000000e+02 1.204639915069090739e+00 1.265311969358331144e-02
2.642500000000000000e+02 7.739283991623249204e-01 1.526920502755113422e-02
2.665000000000000000e+02 6.565749581221347331e-01 2.065174308770986386e-02
2.700000000000000000e+02 6.286237016810549694e-01 1.035610312816700671e-02
2.702500000000000000e+02 7.479406101525595263e-01 2.409632539775198590e-02
2.710000000000000000e+02 7.117452092098871530e-01 1.628440320694446788e-02
2.715000000000000000e+02 2.983765352533505055e-01 7.157816575330542760e-03
2.727500000000000000e+02 2.629438791315783508e-01 8.259688739299341637e-03
2.740000000000000000e+02 5.008603475053839960e-01 2.382029124759133670e-02
2.767500000000000000e+02 8.398022730992295015e-01 2.738182105767097974e-02
2.770000000000000000e+02 7.285788449012116086e-01 1.939655223329135245e-02
2.805000000000000000e+02 6.706997630590493253e-01 1.390849969921677427e-02
2.807500000000000000e+02 1.114469148724407388e+00 1.502657117394474995e-02
2.815000000000000000e+02 1.218199470553207098e+00 1.318535724417600925e-02
2.847500000000000000e+02 7.030398687451864248e-01 1.843123474807236567e-02
2.862500000000000000e+02 4.561597791938932223e-01 1.285739522648484713e-02
2.875000000000000000e+02 5.209342579902745962e-01 7.526922472182877993e-03
2.890000000000000000e+02 6.380160135850097003e-01 1.235022888570173720e-02
2.922500000000000000e+02 2.131709591909122015e+00 2.241509515729836824e-02
2.930000000000000000e+02 2.367785112203411924e+00 1.533896982522885317e-02
2.977500000000000000e+02 3.343970762284651510e+00 6.139049225535288257e-02
2.990000000000000000e+02 5.715801901068969570e+00 8.385200333829501140e-02
3.040000000000000000e+02 3.045993221684519803e+00 2.135168911944815978e-02
3.045000000000000000e+02 3.058260204859709841e+00 2.206582054140665550e-02
3.047500000000000000e+02 2.432383536227348486e+00 2.524514585043644357e-02
3.052500000000000000e+02 2.082700465875273466e+00 3.338580390063467657e-02
3.060000000000000000e+02 2.294856619381256735e+00 3.842528352898531147e-02
3.072500000000000000e+02 2.226411978081618059e+00 3.038119601606091222e-02
3.075000000000000000e+02 2.559464677875860517e+00 2.628574618062833046e-02
3.090000000000000000e+02 8.688557494028144035e-01 2.035525014728797877e-02
3.097500000000000000e+02 9.377856206897012825e-01 1.100344177354946329e-02
3.100000000000000000e+02 8.092411587701634490e-01 1.085515536586626785e-02
3.102500000000000000e+02 1.175085502734426468e+00 3.305059765668918320e-02
3.110000000000000000e+02 2.573387380142359238e+00 2.393733101789610740e-02
3.115000000000000000e+02 5.514480729321339147e+00 4.284119194868551278e-02
3.127500000000000000e+02 1.225457344535245463e+00 1.637780271113226452e-02
3.135000000000000000e+02 1.216868752948147225e+00 3.161059599728918701e-02
3.152500000000000000e+02 9.101426333889014453e-01 1.619000174661840846e-02
3.157500000000000000e+02 5.072244125009567339e-01 7.808268841899047158e-03
3.180000000000000000e+02 8.023828694447117105e-01 1.532187396572306549e-02
3.200000000000000000e+02 1.369295485120352041e+00 1.450624939884647031e-02
3.205000000000000000e+02 7.732287366989034627e-01 2.039209095243145475e-02
3.235000000000000000e+02 6.493995143949288229e-01 1.240772920404837817e-02
3.242500000000000000e+02 2.595304241622650721e-01 1.799397676280333966e-02
3.262500000000000000e+02 1.454057966011416125e-01 4.356203422847875970e-03
3.275000000000000000e+02 2.810795826865593039e-01 6.381541895539203681e-03
3.285000000000000000e+02 5.250061588128003276e-01 1.589747625252087987e-02
3.312500000000000000e+02 1.736809792153944931e+00 2.743686365841903688e-02
3.335000000000000000e+02 9.120645913328071508e-01 3.134774589005968892e-02
3.345000000000000000e+02 1.658786154721117345e+00 3.435619418547610632e-02
3.375000000000000000e+02 5.164444216562118495e-01 1.025262249850131084e-02
3.407500000000000000e+02 6.747873422279576650e-01 9.011604439591378371e-03
3.410000000000000000e+02 6.468213107922641258e-01 2.067005382481030759e-02
3.417500000000000000e+02 4.110028662874378735e-01 1.902246289250505290e-02
3.425000000000000000e+02 3.016113093967414671e-01 7.572133585508924319e-03
3.457500000000000000e+02 5.416383583040849103e-01 1.120519427167262702e-02
3.470000000000000000e+02 5.252367651896692191e-01 1.111908646509739661e-02
3.477500000000000000e+02 3.954365047754528351e-01 6.863366857861428680e-03
3.482500000000000000e+02 3.762567388929604628e-01 6.711086996352993821e-03
3.495000000000000000e+02 2.300741854897034033e-01 9.799686792221566287e-03
3.497500000000000000e+02 2.259865918464842582e-01 1.220050137124592884e-02
3.500000000000000000e+02 1.128614324246821621e-01 9.881044393873670076e-03
3.505000000000000000e+02 9.379983274979614150e-02 5.668909964765870245e-03
3.510000000000000000e+02 2.256283090152430282e-01 7.700055502735675926e-03
3.515000000000000000e+02 6.425965948494942737e-01 1.318555600728704008e-02
3.535000000000000000e+02 1.153374175450479378e+00 2.221142068872216865e-02
3.550000000000000000e+02 1.358439776683581623e+00 1.985465714731843995e-02
3.555000000000000000e+02 1.732283260731767527e+00 4.446541756514708205e-02
3.590000000000000000e+02 2.740244974452436644e+00 2.942733021640744559e-02
3.595000000000000000e+02 3.274774104614620374e+00 4.814830886830555323e-02
3.597500000000000000e+02 2.905087412853874618e+00 2.934140547663259893e-02
3.600000000000000000e+02 2.425108538658819590e+00 2.389126635443217933e-02
3.607500000000000000e+02 1.097203662910385846e+00 1.990903257948670527e-02
3.620000000000000000e+02 4.855553115828705746e-01 1.532424410830797099e-02
3.622500000000000000e+02 5.281813105349887350e-01 8.013243334962494996e-03
3.632500000000000000e+02 8.442840838541896265e-01 1.121955196176633446e-02
3.672500000000000000e+02 1.156180651885759580e+00 1.785568360565475271e-02
3.687500000000000000e+02 1.516412536134582822e+00 2.355532854726032077e-02
3.697500000000000000e+02 1.593098141776821741e+00 2.829470908487576736e-02
3.707500000000000000e+02 2.712332267426336596e+00 2.006734601883938471e-02
3.717500000000000000e+02 4.395739611005879510e+00 4.106289456844817998e-02
3.722500000000000000e+02 3.838864251382446913e+00 3.359623935896455249e-02
3.730000000000000000e+02 1.283022818526244002e+00 2.643560873056678695e-02
3.775000000000000000e+02 1.099937405889706454e+00 2.294863844837846320e-02
3.787500000000000000e+02 9.488013689848789900e-01 1.167712358544389060e-02
3.807500000000000000e+02 1.855908277021458552e+00 3.141439569085540534e-02
3.845000000000000000e+02 1.213342208685576074e+00 1.844155414564147694e-02
3.852500000000000000e+02 7.785042290633951145e-01 1.239273483816160162e-02
3.900000000000000000e+02 2.037558887266768703e+00 2.700696094973607797e-02
3.907500000000000000e+02 2.227745260085725931e+00 2.541803896030521773e-02
3.920000000000000000e+02 1.493747185324109772e+00 2.501989845139099972e-02
3.922500000000000000e+02 1.841753527214435193e+00 1.413482568446309748e-02
3.927500000000000000e+02 2.434849538559494597e+00 1.711318245042044162e-02
3.930000000000000000e+02 2.966411282368682567e+00 2.246002043287035135e-02
3.942500000000000000e+02 1.261182350689662890e+00 2.910798591421443274e-02
4.010000000000000000e+02 1.956513616804670397e+00 4.814473278961490382e-02
4.017500000000000000e+02 2.194448334815334967e+00 2.429993115557900485e-02
4.037500000000000000e+02 5.113509746393525290e-01 7.098290530010030810e-03
4.050000000000000000e+02 1.434037824191531696e+00 2.667828034693267916e-02
4.070000000000000000e+02 1.622363423683742534e+00 4.111446326825064085e-02
4.100000000000000000e+02 2.203116254627438819e-01 5.912154479672033190e-03
4.105000000000000000e+02 1.619767791828766457e-01 5.384292354392636488e-03
4.125000000000000000e+02 9.160602040373077015e-01 1.287605780887514720e-02
4.142500000000000000e+02 1.084527554335563915e+00 1.818158236595153812e-02
4.150000000000000000e+02 6.320222345870727398e-01 2.370434753096936284e-02
4.170000000000000000e+02 8.937148156594854065e-01 2.105713504366569372e-02
4.187500000000000000e+02 1.228956684510629227e+00 3.995334054835660009e-02
4.195000000000000000e+02 1.648574141397731285e+00 3.775531224909500772e-02
4.207500000000000000e+02 1.437142874852755270e+00 3.967147437096050361e-02
4.227500000000000000e+02 1.711521884891789469e+00 1.381784837690065888e-02
4.232500000000000000e+02 1.791819107717768311e+00 1.969905904763565030e-02
4.255000000000000000e+02 1.738454647450717205e+00 3.635173536383530524e-02
4.280000000000000000e+02 4.481329427303260560e-01 8.910996907581953189e-03
4.287500000000000000e+02 4.953061078876082601e-01 1.365690770063563916e-02
4.312500000000000000e+02 1.569580554136449146e+00 1.591973402352227923e-02
4.335000000000000000e+02 1.455572661540091239e+00 3.506054107688166832e-02
4.345000000000000000e+02 1.256706594926406684e+00 1.515222989352656147e-02
4.347500000000000000e+02 1.546520475446367504e+00 1.325807584357099195e-02
4.357500000000000000e+02 1.158864085596515769e+00 2.808784985371262297e-02
4.370000000000000000e+02 2.032292922398689416e+00 2.196895741001601496e-02
4.375000000000000000e+02 2.852407213096193939e+00 6.664698927455929567e-02
4.385000000000000000e+02 8.786090862462008211e-01 9.740599613590352965e-03
4.387500000000000000e+02 8.460679183949449955e-01 1.756514211092008795e-02
4.410000000000000000e+02 1.457502813952185061e+00 3.654634739595892523e-02
4.427500000000000000e+02 5.725464370819736137e-01 9.744312829323717104e-03
4.452500000000000000e+02 6.991199601410720277e-01 2.606203298967497625e-02
4.455000000000000000e+02 5.425006290342648807e-01 2.037105181370313725e-02
4.495000000000000000e+02 4.750455016202738689e-01 7.543876093929011845e-03
4.500000000000000000e+02 4.262896521087887747e-01 1.976344833032576270e-02
4.517500000000000000e+02 1.131817147734234696e+00 1.685060719851782379e-02
4.532500000000000000e+02 9.814466455214864160e-01 2.189626816754445746e-02
4.562500000000000000e+02 2.542055608753793550e+00 2.077385269991054856e-02
4.577500000000000000e+02 1.700541277051366595e+00 4.852895983557214271e-02
4.590000000000000000e+02 1.638493953727405694e+00 2.888566136417327831e-02
4.592500000000000000e+02 1.493662531385262060e+00 2.079863257333458906e-02
4.595000000000000000e+02 1.402910738697383142e+00 1.474262276346372837e-02
4.662500000000000000e+02 1.887347304390705194e+00 2.357759443338153932e-02
4.672500000000000000e+02 2.414896542603832685e+00 3.711277507118209557e-02
4.692500000000000000e+02 1.092679031461414318e+00 1.124154745693203665e-02
4.720000000000000000e+02 2.613982840968473442e-01 1.435303152668556022e-02
4.732500000000000000e+02 1.147795748691956552e+00 2.315957872002968182e-02
4.750000000000000000e+02 8.683883162276971879e-01 1.233863967085088373e-02
4.772500000000000000e+02 1.651321011990951326e-01 4.383964174270253353e-03
4.782500000000000000e+02 3.567826654314251722e-01 1.546484493084151861e-02
4.785000000000000000e+02 3.056601553014197115e-01 6.448317570962173659e-03
4.792500000000000000e+02 4.165702344906145327e-01 7.360230778735265232e-03
4.812500000000000000e+02 6.347984485343084460e-01 2.044472195204294351e-02
4.817500000000000000e+02 7.849928770851591908e-01 2.380563373522514778e-02
4.845000000000000000e+02 4.521194975863181420e-01 1.929462430254855199e-02
4.852500000000000000e+02 2.567528526159567059e-01 5.108718784312751837e-03
4.887500000000000000e+02 3.315189980767550559e-01 7.679847259198426673e-03
4.897500000000000000e+02 6.414142611928594917e-01 9.443848020250538572e-03
4.905000000000000000e+02 1.067897675482680997e+00 4.045497000210392796e-02
4.907500000000000000e+02 1.344531060544368994e+00 1.535195530440575974e-02
4.922500000000000000e+02 1.495729586082653384e+00 2.767767279153243373e-02
4.950000000000000000e+02 1.138437182156646799e+00 2.181995181993093280e-02
4.982500000000000000e+02 3.884676233860705485e-01 2.345028020075983280e-02
4.987500000000000000e+02 3.947210458232264796e-01 7.467063970964373486e-03
4.990000000000000000e+02 3.857016235547435778e-01 1.487801369207513054e-02
5.025000000000000000e+02 2.963805252749053820e-01 1.026138830395114526e-02
5.052500000000000000e+02 8.795037237185472367e-01 1.712289202504676741e-02
5.055000000000000000e+02 9.159402475795367371e-01 2.331097183415448137e-02
5.062500000000000000e+02 1.143924008788835378e+00 2.701567282115815982e-02
5.077500000000000000e+02 4.154353476217910734e-01 1.611367665839878727e-02
5.092500000000000000e+02 2.007676380645955216e-01 1.755293033324003410e-02
5.097500000000000000e+02 3.874187606686208540e-01 1.332973455695459115e-02
5.107500000000000000e+02 3.711662169093148944e-01 6.205417532092823325e-03
5.115000000000000000e+02 6.274514965775925823e-01 1.694132267472125974e-02
5.140000000000000000e+02 5.584052142745341563e-01 9.735863950120531712e-03
5.155000000000000000e+02 7.355756632222203439e-01 1.220942270247154550e-02
5.180000000000000000e+02 1.336404495959451655e+00 1.663129823832963997e-02
5.192500000000000000e+02 1.019175695943053350e+00 1.708373644060079063e-02
5.195000000000000000e+02 1.036801269036705664e+00 1.455227469329941660e-02
5.210000000000000000e+02 4.185289572426862392e-01 1.591659267162674404e-02
5.215000000000000000e+02 5.905880391470808011e-01 1.916329417286825876e-02
5.217500000000000000e+02 8.166518118761507683e-01 3.168021673170796221e-02
5.232500000000000000e+02 5.744793729762158740e-01 1.081508501794438762e-02
5.235000000000000000e+02 7.340066790167258937e-01 1.327487567113040147e-02
5.252500000000000000e+02 1.086262456752651984e+00 1.325915917285950228e-02
5.300000000000000000e+02 8.204232547155355659e-01 1.759951645629772785e-02
5.312500000000000000e+02 2.294422324701780980e+00 5.758324159850450319e-02
5.342500000000000000e+02 2.457901866009415404e+00 3.685192028601742137e-02
5.375000000000000000e+02 2.280318888119274856e+00 2.359213437672490893e-02
5.385000000000000000e+02 4.467769820453821872e+00 4.900645873549649284e-02
5.390000000000000000e+02 2.759207314064738181e+00 4.275617828543771398e-02
5.420000000000000000e+02 6.774083921351071069e+00 3.289933414106395448e-02
5.435000000000000000e+02 3.433438455365954489e+00 3.338440448411073014e-02
5.437500000000000000e+02 3.366137034498084546e+00 5.396693508313085003e-02
5.460000000000000000e+02 1.002660586682703414e+00 3.621490427271711887e-02
5.495000000000000000e+02 9.809747130612017640e-01 2.495676684456439240e-02
5.500000000000000000e+02 1.023287949071815195e+00 1.831046172249979967e-02
5.502500000000000000e+02 9.841243092634934797e-01 1.632888863922770870e-02
5.505000000000000000e+02 1.068303594863413863e+00 2.233088988478336770e-02
5.515000000000000000e+02 2.331168246532922872e+00 4.780519105613995762e-02
5.522500000000000000e+02 3.289499194249214664e+00 1.945271244476940234e-02
5.525000000000000000e+02 2.304146968612744040e+00 4.960785723247718160e-02
5.527500000000000000e+02 1.624453504100344947e+00 1.597864955328769446e-02
5.552500000000000000e+02 8.934791025960777677e-01 1.025457578299683419e-02
5.565000000000000000e+02 5.734100169063557351e-01 2.310771130507456583e-02
5.582500000000000000e+02 4.178774737199731248e+00 2.164736416895217397e-02
5.595000000000000000e+02 2.508877754081741518e+00 4.587161728773870434e-02
5.605000000000000000e+02 2.912053988686963191e+00 3.941164087292522988e-02
5.615000000000000000e+02 4.495111190186828587e+00 3.612893963673505238e-02
5.620000000000000000e+02 6.614311081222795430e+00 7.300898455408935672e-02
5.635000000000000000e+02 2.389059977335253659e+00 3.442131559314244582e-02
5.647500000000000000e+02 1.563021033586620812e+00 1.715404606885172212e-02
5.652500000000000000e+02 1.129229738036622299e+00 2.119837570251976999e-02
5.685000000000000000e+02 9.863726784113148183e-01 2.166382517124012391e-02
5.690000000000000000e+02 9.786274730413543343e-01 3.130549673091100743e-02
5.725000000000000000e+02 6.335143638645918118e-01 1.738330232762750130e-02
5.735000000000000000e+02 7.937018957471915215e-01 2.797044116800118455e-02
5.740000000000000000e+02 1.614374787183902704e+00 2.596626687318748933e-02
5.752500000000000000e+02 9.216327170072710073e-01 1.243409396858023187e-02
5.757500000000000000e+02 1.463481624808295800e+00 2.670920674448019200e-02
5.765000000000000000e+02 1.533936955770462296e+00 3.406278923946394477e-02
5.772500000000000000e+02 1.201412368226917549e+00 1.702605046162056907e-02
5.782500000000000000e+02 1.465073229931328491e+00 2.401247655782233481e-02
5.805000000000000000e+02 2.678157280147718478e+00 3.897918867120815645e-02
5.822500000000000000e+02 2.485705421195059994e+00 3.385180168030317571e-02
5.825000000000000000e+02 3.937273858685975902e+00 3.774693201895093497e-02
5.830000000000000000e+02 5.635169420190569767e+00 3.890118559549874538e-02
5.832500000000000000e+02 5.811913217602839410e+00 4.697724406611306774e-02
5.835000000000000000e+02 4.659423019446545133e+00 5.705531563626296127e-02
5.847500000000000000e+02 3.133430571330761971e+00 2.228155334865331710e-02
5.862500000000000000e+02 5.149039848815737397e-01 1.414667573660869856e-02
5.865000000000000000e+02 4.356088934010094449e-01 1.272308869791984910e-02
5.870000000000000000e+02 5.749325371884513869e-01 8.034458528019523468e-03
5.875000000000000000e+02 8.060714976854993497e-01 1.530119971780822576e-02
5.877500000000000000e+02 8.120915367837004961e-01 2.220113024237536578e-02
5.892500000000000000e+02 6.799265069245345572e+00 3.640190617582621246e-02
5.895000000000000000e+02 6.257666223146472362e+00 3.684709436728124399e-02
5.897500000000000000e+02 4.340321278115376380e+00 3.869569539228353422e-02
5.950000000000000000e+02 4.908711289211729611e-01 9.466532986211384851e-03
5.955000000000000000e+02 6.052153935681350294e-01 1.466298400470977467e-02
5.960000000000000000e+02 7.218281661630862045e-01 1.039040648610309141e-02
5.975000000000000000e+02 2.688988069424737670e+00 3.832790846291657394e-02
6.002500000000000000e+02 1.323458603602875705e+00 2.686136166855042015e-02
6.007500000000000000e+02 8.144921511318101714e-01 1.221764386012594295e-02
6.045000000000000000e+02 1.523468532825774879e+00 3.190453231572846354e-02
6.050000000000000000e+02 1.600100354568876337e+00 1.826735039792496545e-02
6.087500000000000000e+02 1.094159301667183337e+00 3.251466688506305519e-02
6.115000000000000000e+02 1.199589314913195315e+00 3.723269475462456790e-02
6.122500000000000000e+02 8.025278806940706611e-01 1.609487136374723043e-02
6.130000000000000000e+02 9.120414304464632416e-01 1.442645766640896117e-02
6.132500000000000000e+02 8.570345229891549454e-01 3.004721328924592899e-02
6.137500000000000000e+02 9.497979076815663557e-01 1.728062451029312163e-02
6.150000000000000000e+02 2.280096812529235073e-01 7.583707693291882532e-03
6.160000000000000000e+02 2.006313898825392017e-01 5.486587179088208040e-03
6.165000000000000000e+02 2.905043186329555049e-01 9.130948716594509268e-03
6.170000000000000000e+02 2.336174246477969452e-01 7.681180449146656625e-03
6.180000000000000000e+02 4.411024339762880109e-01 9.814128086378942281e-03
6.247500000000000000e+02 1.863644712892470245e+00 1.562658440202930807e-02
6.260000000000000000e+02 2.756852241849505614e+00 4.604828288027511263e-02
6.285000000000000000e+02 3.736766492182188149e+00 4.080049009083186462e-02
6.312500000000000000e+02 8.619845665633534271e-01 2.366874526103928192e-02
6.365000000000000000e+02 1.283435065511015605e+00 2.418543124076665690e-02
6.380000000000000000e+02 1.213436784128166135e+00 1.495273737208647688e-02
6.385000000000000000e+02 1.381169519290912806e+00 1.599523981476947895e-02
6.402500000000000000e+02 1.606752000982598627e+00 4.893240842851272199e-02
6.405000000000000000e+02 1.355864505855314706e+00 1.728514144410897568e-02
6.432500000000000000e+02 1.005968800387541551e+00 2.293727163649695797e-02
6.435000000000000000e+02 1.085518374765365834e+00 1.205901375691634074e-02
6.445000000000000000e+02 8.579570109184385673e-01 3.118809739569019732e-02
6.470000000000000000e+02 1.932444340242433389e+00 2.070991934422280675e-02
6.477500000000000000e+02 4.598765232799350677e+00 3.059720341456256820e-02
6.480000000000000000e+02 4.532505996027782480e+00 2.809869828371267322e-02
6.497500000000000000e+02 5.836235130740642596e+00 6.169168371691900743e-02
6.517500000000000000e+02 2.186124658640581142e+00 3.308049005202616522e-02
6.520000000000000000e+02 2.379453032778523269e+00 3.564993756050495455e-02
6.522500000000000000e+02 2.336302875630442255e+00 3.256311229390178308e-02
6.535000000000000000e+02 1.275911287393953764e+00 1.884415882542100906e-02
6.542500000000000000e+02 1.225637825752276644e+00 3.090538429206305879e-02
6.547500000000000000e+02 1.162179129639732800e+00 1.585105461575446462e-02
6.562500000000000000e+02 2.731690658503758584e+00 1.938271426477712958e-02
6.565000000000000000e+02 3.759533854416904131e+00 3.276159775816929465e-02
6.582500000000000000e+02 2.961583832826244045e+00 3.026829656940396504e-02
6.607500000000000000e+02 6.473190472320815125e+00 6.431513641171165974e-02
6.617500000000000000e+02 4.043294693363431058e+00 4.108688889593863081e-02
6.665000000000000000e+02 7.240241214127607350e-01 1.241651973017205042e-02
6.705000000000000000e+02 8.050700846142715417e-01 1.024766537081907986e-02
6.710000000000000000e+02 9.748123708851100799e-01 2.094846184573980266e-02
6.712500000000000000e+02 9.187890388711293932e-01 2.867744189455237111e-02
6.740000000000000000e+02 1.389456757463888525e+00 1.343949549278643935e-02
6.750000000000000000e+02 1.986688766862295008e+00 3.449938452054215204e-02
6.800000000000000000e+02 2.608402761659955438e+00 3.156358066349693875e-02
6.820000000000000000e+02 1.049639923935813846e+00 2.493420961374034905e-02
6.862500000000000000e+02 1.105401007163641980e+00 2.438761345199176242e-02
6.877500000000000000e+02 8.519358920730060181e-01 1.254356235772690308e-02
6.902500000000000000e+02 1.066903443635359716e+00 1.738453876171554627e-02
6.922500000000000000e+02 5.768208648720933862e-01 1.523429557084335362e-02
6.930000000000000000e+02 6.754846811489433334e-01 2.575821325795354597e-02
6.962500000000000000e+02 1.103552168622101481e+00 2.269284963678061540e-02
7.055000000000000000e+02 1.627448477138843330e+00 4.236973195575000767e-02
7.092500000000000000e+02 1.908935040950575202e+00 4.272345625253892720e-02
7.105000000000000000e+02 1.599372351074952237e+00 3.273941712881342503e-02
7.122500000000000000e+02 1.500392377672559618e+00 3.406565802436137963e-02
7.147500000000000000e+02 1.669319832884147647e+00 1.936229141784303123e-02
7.162500000000000000e+02 7.933329110750323432e-01 2.112815191397604195e-02
7.195000000000000000e+02 5.823029695403288963e-01 1.502107777232356001e-02
7.210000000000000000e+02 6.509171652124983165e-01 8.836922723650617387e-03
7.215000000000000000e+02 6.740846069841497368e-01 2.831531972281148973e-02
7.217500000000000000e+02 8.666052296931738841e-01 2.276592629524591335e-02
7.220000000000000000e+02 1.002306374429572822e+00 1.155335871189282736e-02
7.232500000000000000e+02 1.689949830075472281e+00 2.993824363206883804e-02
7.237500000000000000e+02 1.417248602217036524e+00 3.236722035637665945e-02
7.247500000000000000e+02 1.214985829288502073e+00 3.279125514557073434e-02
7.250000000000000000e+02 1.115407827493769766e+00 1.198069819240801803e-02
7.257500000000000000e+02 1.308492022433775492e+00 1.709430070105127583e-02
